0,082
0,032
0,016
0,019
0,017
0,021
0,016
0,015
0,025
0,017
0,014
0,02
0,017
0,024
0,016
0,009
0,012
0,015
0,015
0,016
0,012
0,012
0,017
0,016
0,019
0,012
0,016
0,013
0,01
0,018
0,012
0,011
0,013
0,01
0,008
0,012
0,016
0,01
0,011
0,009
0,014
0,013
0,013
0,01
0,011
0,009
0,009
0,009
0,009
0,009
0,01
0,008
0,009
0,008
0,008
0,008
0,009
0,007
0,009
0,009
0,008
0,01
0,008
0,009
0,008
0,01
0,008
0,011
0,01
0,01
0,012
0,008
0,012
0,011
0,01
0,009
0,01
0,015
0,011
0,008
0,01
0,009
0,009
0,009
0,01
0,009
0,011
0,01
0,011
0,016
0,009
0,01
0,009
0,009
0,01
0,013
0,008
0,01
0,009
0,009
0,01
0,01
0,012
0,012
0,01
0,01
0,008
0,009
0,008
0,012
0,008
0,009
0,013
0,01
0,014
0,013
0,011
0,011
0,011
0,008
0,009
0,008
0,01
0,009
0,012
0,009
0,014
0,015
0,017
0,009
0,011
0,016
0,01
0,012
0,013
0,01
0,013
0,011
0,012
0,01
0,013
0,011
0,009
0,013
0,009
0,01
0,009
0,009
0,01
0,012
0,011
0,011
0,012
0,012
0,01
0,014
0,011
0,013
0,046
0,019
0,013
0,015
0,012
0,026
0,013
0,013
0,014
0,015
0,032
0,009
0,019
0,013
0,019
0,011
0,01
0,011
0,015
0,009
0,009
0,009
0,012
0,009
0,011
0,009
0,015
0,025
0,011
0,011
0,013
0,008
0,01
0,017
0,01
0,008
0,012
0,009
0,01
0,009
0,01
0,009
