0,09
0,022
0,029
0,016
0,011
0,012
0,013
0,013
0,012
0,016
0,013
0,015
0,008
0,009
0,01
0,009
0,014
0,008
0,009
0,009
0,009
0,009
0,008
0,008
0,008
0,01
0,009
0,009
0,011
0,008
0,009
0,009
0,009
0,011
0,009
0,011
0,014
0,009
0,007
0,01
0,01
0,01
0,012
0,011
0,011
0,01
0,01
0,008
0,009
0,009
0,008
0,011
0,011
0,012
0,012
0,009
0,009
0,008
0,008
0,008
0,008
0,009
0,012
0,009
0,01
0,009
0,009
0,009
0,01
0,01
0,009
0,013
0,008
0,008
0,008
0,013
0,012
0,011
0,01
0,008
0,012
0,009
0,009
0,01
0,009
0,011
0,009
0,019
0,01
0,016
0,016
0,012
0,013
0,011
0,011
0,015
0,012
0,01
0,015
0,009
0,01
0,013
0,012
0,012
0,011
0,011
0,01
0,009
0,012
0,013
0,013
0,01
0,016
0,013
0,012
0,015
0,013
0,009
0,008
0,012
0,014
0,014
0,014
0,015
0,009
0,01
0,012
0,012
0,013
0,012
0,014
0,016
0,013
0,014
0,008
0,01
0,01
0,01
0,013
0,011
0,01
0,012
0,01
0,016
0,014
0,009
0,01
0,008
0,009
0,01
0,008
0,01
0,01
0,01
0,008
0,008
0,007
0,008
0,008
0,007
0,007
0,008
0,008
0,009
0,008
0,01
0,008
0,016
0,009
0,011
0,01
0,011
0,011
0,01
0,011
0,01
0,009
0,008
0,006
0,009
0,008
0,01
0,009
0,011
0,009
0,01
0,014
0,022
0,017
0,011
0,01
0,06
0,009
0,011
0,013
0,009
0,01
0,008
0,01
0,009
