0,073
0,031
0,026
0,025
0,023
0,014
0,021
0,029
0,024
0,017
0,013
0,011
0,012
0,015
0,015
0,011
0,011
0,012
0,011
0,011
0,012
0,013
0,013
0,012
0,008
0,012
0,015
0,015
0,015
0,013
0,013
0,011
0,013
0,012
0,012
0,015
0,018
0,018
0,015
0,02
0,016
0,016
0,016
0,014
0,017
0,013
0,01
0,013
0,01
0,011
0,014
0,013
0,011
0,019
0,016
0,017
0,016
0,018
0,016
0,015
0,016
0,016
0,02
0,021
0,015
0,023
0,026
0,019
0,014
0,02
0,015
0,013
0,016
0,016
0,014
0,014
0,014
0,014
0,015
0,015
0,015
0,019
0,017
0,015
0,013
0,022
0,037
0,018
0,013
0,018
0,015
0,02
0,021
0,016
0,016
0,016
0,015
0,02
0,018
0,022
0,014
0,014
0,013
0,015
0,02
0,086
0,043
0,014
0,014
0,014
0,012
0,014
0,013
0,018
0,01
0,021
0,013
0,014
0,012
0,014
0,015
0,015
0,012
0,017
0,014
0,013
0,012
0,015
0,014
0,012
0,014
0,012
0,012
0,014
0,009
0,013
0,011
0,009
0,01
0,012
0,01
0,009
0,01
0,008
0,009
0,01
0,013
0,009
0,013
0,012
0,014
0,013
0,011
0,01
0,012
0,011
0,009
0,01
0,011
0,009
0,013
0,008
0,01
0,01
0,008
0,008
0,015
0,012
0,012
0,008
0,012
0,009
0,009
0,01
0,009
0,01
0,011
0,008
0,011
0,01
0,017
0,014
0,017
0,011
0,013
0,021
0,022
0,029
0,026
0,01
0,013
0,009
0,014
0,01
0,012
0,009
0,009
0,012
0,012
0,012
