0,089
0,027
0,036
0,036
0,027
0,028
0,026
0,03
0,02
0,015
0,018
0,017
0,014
0,022
0,019
0,016
0,012
0,016
0,018
0,016
0,017
0,016
0,012
0,018
0,013
0,02
0,013
0,015
0,015
0,013
0,011
0,013
0,023
0,016
0,012
0,012
0,013
0,011
0,012
0,011
0,014
0,013
0,015
0,013
0,018
0,012
0,015
0,014
0,014
0,014
0,015
0,014
0,014
0,013
0,013
0,013
0,011
0,016
0,015
0,023
0,025
0,017
0,016
0,016
0,015
0,015
0,016
0,016
0,014
0,016
0,014
0,015
0,014
0,016
0,015
0,014
0,016
0,017
0,014
0,015
0,017
0,018
0,019
0,018
0,014
0,019
0,021
0,017
0,016
0,02
0,018
0,014
0,017
0,014
0,024
0,022
0,013
0,018
0,015
0,016
0,019
0,016
0,015
0,016
0,019
0,015
0,017
0,016
0,016
0,017
0,039
0,018
0,025
0,018
0,021
0,02
0,016
0,014
0,016
0,015
0,013
0,014
0,026
0,016
0,014
0,019
0,015
0,018
0,026
0,011
0,015
0,015
0,017
0,019
0,015
0,024
0,014
0,016
0,017
0,014
0,014
0,02
0,013
0,013
0,019
0,018
0,016
0,017
0,015
0,016
0,02
0,015
0,018
0,02
0,014
0,014
0,016
0,014
0,016
0,013
0,016
0,018
0,013
0,014
0,015
0,013
0,01
0,014
0,01
0,014
0,016
0,016
0,018
0,015
0,018
0,02
0,015
0,017
0,014
0,025
0,02
0,016
0,018
0,021
0,023
0,037
0,022
0,042
0,028
0,037
0,02
0,018
0,02
0,029
0,014
0,015
0,014
0,011
0,013
0,012
