0,08
0,028
0,032
0,023
0,023
0,019
0,018
0,026
0,021
0,016
0,017
0,018
0,014
0,014
0,016
0,016
0,015
0,012
0,015
0,02
0,021
0,018
0,02
0,019
0,013
0,013
0,057
0,013
0,014
0,013
0,012
0,012
0,013
0,015
0,014
0,013
0,013
0,016
0,016
0,013
0,015
0,016
0,017
0,013
0,016
0,013
0,015
0,015
0,012
0,015
0,018
0,015
0,013
0,018
0,018
0,017
0,016
0,011
0,016
0,012
0,015
0,013
0,016
0,015
0,014
0,015
0,015
0,014
0,021
0,02
0,028
0,02
0,016
0,018
0,017
0,014
0,017
0,018
0,011
0,013
0,011
0,018
0,016
0,016
0,025
0,022
0,015
0,013
0,012
0,016
0,016
0,014
0,016
0,02
0,016
0,018
0,016
0,017
0,012
0,013
0,015
0,012
0,01
0,017
0,045
0,015
0,016
0,018
0,015
0,011
0,012
0,01
0,016
0,014
0,013
0,023
0,014
0,013
0,029
0,04
0,022
0,018
0,02
0,024
0,016
0,019
0,029
0,015
0,014
0,011
0,012
0,01
0,017
0,03
0,022
0,021
0,018
0,013
0,014
0,011
0,02
0,015
0,025
0,024
0,015
0,015
0,016
0,013
0,016
0,014
0,015
0,014
0,013
0,016
0,017
0,022
0,029
0,026
0,013
0,016
0,016
0,014
0,029
0,014
0,016
0,014
0,012
0,018
0,03
0,026
0,027
0,028
0,016
0,015
0,018
0,024
0,019
0,024
0,014
0,025
0,025
0,03
0,022
0,017
0,023
0,025
0,017
0,017
0,018
0,015
0,011
0,012
0,013
0,012
0,013
0,015
0,013
0,013
0,012
0,013
