0,144
0,037
0,036
0,025
0,024
0,052
0,06
0,106
0,014
0,013
0,012
0,013
0,024
0,015
0,026
0,027
0,011
0,012
0,014
0,02
0,016
0,017
0,015
0,017
0,049
0,018
0,045
0,029
0,016
0,017
0,01
0,014
0,016
0,012
0,009
0,019
0,016
0,017
0,021
0,012
0,017
0,023
0,015
0,015
0,016
0,017
0,015
0,016
0,012
0,031
0,015
0,013
0,016
0,017
0,017
0,013
0,015
0,015
0,009
0,014
0,019
0,031
0,014
0,012
0,014
0,013
0,014
0,011
0,02
0,017
0,025
0,019
0,025
0,022
0,015
0,015
0,013
0,014
0,013
0,01
0,015
0,011
0,015
0,015
0,017
0,014
0,01
0,018
0,013
0,019
0,015
0,02
0,015
0,019
0,029
0,015
0,012
0,015
0,016
0,008
0,014
0,012
0,011
0,014
0,019
0,014
0,042
0,013
0,009
0,017
0,014
0,012
0,015
0,019
0,013
0,025
0,014
0,015
0,016
0,024
0,012
0,019
0,018
0,045
0,016
0,016
0,018
0,013
0,016
0,015
0,016
0,015
0,019
0,016
0,016
0,019
0,014
0,018
0,015
0,017
0,014
0,014
0,012
0,014
0,015
0,019
0,013
0,012
0,012
0,014
0,02
0,016
0,014
0,011
0,013
0,014
0,015
0,025
0,017
0,02
0,018
0,018
0,015
0,017
0,021
0,014
0,019
0,015
0,025
0,015
0,014
0,016
0,014
0,015
0,011
0,023
0,013
0,009
0,011
0,019
0,017
0,014
0,02
0,016
0,02
0,022
0,019
0,025
0,026
0,014
0,015
0,017
0,015
0,016
0,015
0,016
0,016
0,01
0,016
0,017
