0,073
0,043
0,031
0,02
0,017
0,017
0,019
0,023
0,021
0,011
0,012
0,019
0,007
0,011
0,016
0,007
0,008
0,011
0,024
0,011
0,009
0,01
0,01
0,011
0,009
0,009
0,013
0,015
0,009
0,009
0,009
0,019
0,025
0,036
0,013
0,012
0,01
0,009
0,01
0,008
0,009
0,012
0,012
0,009
0,011
0,013
0,009
0,008
0,009
0,026
0,01
0,009
0,014
0,011
0,011
0,008
0,009
0,009
0,016
0,01
0,01
0,013
0,008
0,009
0,012
0,01
0,009
0,009
0,008
0,011
0,015
0,015
0,012
0,009
0,008
0,008
0,007
0,007
0,01
0,008
0,007
0,008
0,009
0,012
0,009
0,01
0,011
0,01
0,019
0,015
0,011
0,019
0,01
0,008
0,009
0,013
0,008
0,01
0,008
0,009
0,01
0,009
0,009
0,01
0,013
0,01
0,009
0,011
0,011
0,01
0,01
0,01
0,011
0,008
0,009
0,01
0,009
0,008
0,008
0,009
0,009
0,009
0,01
0,008
0,011
0,015
0,01
0,008
0,009
0,015
0,016
0,012
0,011
0,015
0,011
0,01
0,014
0,018
0,01
0,012
0,008
0,009
0,009
0,008
0,009
0,012
0,011
0,011
0,023
0,01
0,01
0,01
0,013
0,012
0,013
0,013
0,065
0,024
0,022
0,011
0,012
0,01
0,012
0,012
0,009
0,009
0,01
0,012
0,011
0,012
0,01
0,01
0,008
0,017
0,01
0,018
0,019
0,009
0,01
0,011
0,013
0,009
0,009
0,008
0,011
0,02
0,012
0,013
0,015
0,009
0,008
0,01
0,009
0,008
0,01
0,009
0,008
0,009
0,008
0,008
