0,078
0,038
0,029
0,018
0,015
0,016
0,016
0,018
0,017
0,018
0,01
0,015
0,009
0,011
0,011
0,01
0,01
0,017
0,018
0,009
0,01
0,008
0,013
0,012
0,013
0,009
0,009
0,01
0,012
0,009
0,012
0,01
0,008
0,014
0,011
0,011
0,009
0,009
0,008
0,009
0,01
0,014
0,011
0,02
0,01
0,016
0,01
0,009
0,012
0,008
0,009
0,007
0,009
0,01
0,011
0,009
0,013
0,011
0,012
0,012
0,013
0,012
0,008
0,009
0,012
0,011
0,012
0,009
0,009
0,011
0,014
0,008
0,009
0,01
0,01
0,009
0,008
0,009
0,014
0,01
0,011
0,021
0,013
0,01
0,012
0,011
0,013
0,009
0,011
0,026
0,012
0,01
0,011
0,009
0,01
0,01
0,02
0,009
0,01
0,012
0,016
0,012
0,011
0,01
0,011
0,011
0,009
0,009
0,009
0,009
0,011
0,01
0,009
0,015
0,012
0,01
0,015
0,008
0,01
0,009
0,014
0,012
0,01
0,009
0,012
0,01
0,01
0,014
0,019
0,011
0,011
0,011
0,01
0,011
0,009
0,013
0,008
0,011
0,011
0,009
0,01
0,01
0,01
0,014
0,012
0,012
0,009
0,01
0,01
0,015
0,011
0,012
0,011
0,013
0,011
0,01
0,008
0,009
0,011
0,008
0,009
0,009
0,011
0,008
0,018
0,013
0,012
0,01
0,016
0,009
0,012
0,011
0,01
0,009
0,011
0,033
0,015
0,012
0,008
0,012
0,014
0,008
0,009
0,011
0,012
0,027
0,014
0,016
0,015
0,009
0,01
0,008
0,009
0,008
0,009
0,009
0,01
0,008
0,012
0,009
