0,069
0,029
0,022
0,026
0,019
0,021
0,018
0,023
0,018
0,018
0,014
0,01
0,012
0,017
0,013
0,013
0,012
0,011
0,009
0,013
0,008
0,01
0,01
0,01
0,019
0,017
0,012
0,017
0,019
0,01
0,011
0,011
0,009
0,012
0,013
0,01
0,012
0,01
0,014
0,01
0,011
0,011
0,011
0,011
0,016
0,015
0,012
0,012
0,011
0,011
0,014
0,009
0,015
0,01
0,009
0,015
0,015
0,013
0,01
0,017
0,02
0,011
0,009
0,01
0,01
0,011
0,01
0,008
0,011
0,011
0,009
0,011
0,011
0,013
0,009
0,008
0,015
0,012
0,011
0,008
0,01
0,011
0,009
0,009
0,011
0,011
0,022
0,01
0,01
0,017
0,015
0,012
0,01
0,011
0,013
0,011
0,03
0,009
0,008
0,01
0,009
0,01
0,008
0,015
0,01
0,009
0,008
0,009
0,008
0,009
0,015
0,013
0,012
0,011
0,011
0,01
0,013
0,012
0,011
0,013
0,032
0,03
0,014
0,035
0,009
0,01
0,009
0,009
0,008
0,009
0,012
0,008
0,012
0,024
0,009
0,033
0,017
0,011
0,012
0,01
0,018
0,01
0,011
0,009
0,011
0,008
0,01
0,009
0,014
0,02
0,014
0,012
0,015
0,013
0,011
0,011
0,019
0,014
0,011
0,01
0,016
0,01
0,061
0,017
0,009
0,009
0,009
0,013
0,015
0,014
0,01
0,009
0,013
0,011
0,01
0,01
0,016
0,015
0,019
0,024
0,016
0,016
0,02
0,015
0,026
0,025
0,013
0,016
0,019
0,009
0,011
0,01
0,012
0,014
0,012
0,012
0,013
0,016
0,009
0,01
