0,074
0,027
0,022
0,021
0,017
0,025
0,017
0,016
0,025
0,018
0,011
0,009
0,008
0,011
0,015
0,013
0,014
0,018
0,011
0,008
0,011
0,012
0,008
0,009
0,008
0,008
0,012
0,012
0,02
0,009
0,01
0,009
0,01
0,01
0,011
0,012
0,011
0,009
0,011
0,011
0,015
0,021
0,013
0,009
0,01
0,01
0,01
0,008
0,01
0,013
0,023
0,021
0,009
0,01
0,007
0,01
0,007
0,009
0,011
0,009
0,009
0,033
0,01
0,012
0,018
0,017
0,011
0,009
0,008
0,009
0,015
0,012
0,012
0,012
0,011
0,008
0,009
0,008
0,032
0,01
0,025
0,009
0,008
0,009
0,009
0,012
0,009
0,012
0,019
0,022
0,012
0,011
0,012
0,01
0,012
0,012
0,007
0,011
0,009
0,01
0,01
0,01
0,008
0,011
0,01
0,009
0,007
0,008
0,009
0,009
0,009
0,008
0,009
0,013
0,011
0,016
0,01
0,01
0,012
0,013
0,008
0,008
0,012
0,009
0,012
0,013
0,009
0,01
0,011
0,009
0,009
0,009
0,012
0,012
0,013
0,011
0,022
0,012
0,012
0,015
0,008
0,014
0,014
0,015
0,011
0,013
0,009
0,012
0,018
0,02
0,012
0,015
0,011
0,011
0,016
0,012
0,037
0,037
0,009
0,01
0,01
0,012
0,011
0,012
0,01
0,012
0,014
0,01
0,014
0,012
0,012
0,011
0,01
0,011
0,013
0,01
0,012
0,015
0,01
0,012
0,011
0,012
0,01
0,011
0,014
0,025
0,014
0,014
0,02
0,026
0,015
0,008
0,019
0,014
0,009
0,009
0,01
0,014
0,015
0,014
